  prefetchB1>>          0        120        240        360        480        528        576        600        624        672        720        768        816        840        864        912        960       1080       1200       1320       1440 
  prefetchA1vv ---------- ---------- ---------- ---------- ---------- ---------- ---------- ---------- ---------- ---------- ---------- ---------- ---------- ---------- ---------- ---------- ---------- ---------- ---------- ---------- ---------- 
         0     1509.099121 1552.837158 1654.097656 1599.952271 1611.934937 -100.000000 -100.000000 1670.413086 -100.000000 -100.000000 1639.579590 -100.000000 -100.000000 1649.405518 -100.000000 -100.000000 1649.463745 1662.703491 1669.041748 1672.511719 1707.458008 
        45     1568.183960 1635.965088 1662.332764 1699.889038 1690.074829 -100.000000 -100.000000 1644.769653 -100.000000 -100.000000 1725.695435 -100.000000 -50.000000 1749.520508 -50.000000 -50.000000 1698.527344 1635.254150 1655.125488 1599.843506 1682.674072 
        90     1587.623535 1655.481445 1635.426514 1672.424438 1658.730103 1682.023438 1685.874268 1688.942871 1696.494263 1686.064331 1686.739014 1646.965698 1699.435791 1693.703979 1686.001831 1682.305908 1659.631958 1756.669434 1684.909180 1600.368408 1726.660278 
       108     -50.000000 -50.000000 -50.000000 -50.000000 1649.629761 1681.072876 1604.260010 -50.000000 1663.586792 1668.623779 1684.616699 1672.030518 1678.650146 -50.000000 1662.539795 1699.315308 1660.754028 -50.000000 -50.000000 -50.000000 -50.000000 
       126     -50.000000 -50.000000 -50.000000 -50.000000 1630.344604 1708.682251 1683.284790 -50.000000 1694.635376 1708.662231 1702.498535 1689.365234 1646.351929 -50.000000 1641.793213 1633.563599 1707.358398 -50.000000 -50.000000 -50.000000 -50.000000 
       135     1504.820679 1612.450073 1673.231323 1682.069824 1670.524292 -50.000000 -50.000000 1764.986328 -50.000000 -50.000000 1622.620972 -50.000000 -50.000000 1710.659058 -50.000000 -50.000000 1654.533569 1651.077393 1687.645630 1706.447876 1772.043091 
       144     -50.000000 -50.000000 -50.000000 -50.000000 1688.766602 1645.776367 1645.852173 -50.000000 1686.527954 1674.174927 1693.966309 1705.529053 1695.454468 -50.000000 1697.206421 1684.596313 1679.481201 -50.000000 -50.000000 -50.000000 -50.000000 
       162     -50.000000 -50.000000 -50.000000 -50.000000 1618.387695 1679.252563 1667.700073 -50.000000 1645.935303 1644.553833 1678.089966 1666.865356 1694.405640 -50.000000 1690.045654 1647.407104 1670.069092 -50.000000 -50.000000 -50.000000 -50.000000 
       180     1507.796631 1597.311646 1720.008545 1683.114624 1692.822388 1685.091431 1650.598755 1770.343872 1705.640137 1663.761963 1692.315063 1646.184204 1668.075317 1759.076538 1653.881592 1668.198242 1701.447754 1640.952515 1761.158081 1713.272705 1765.520874 
       198     -50.000000 -50.000000 -50.000000 -50.000000 1694.135254 1758.551758 1744.322998 -50.000000 1721.431152 1735.361328 1706.148193 1737.332520 1698.237305 -50.000000 1779.146484 1774.811035 1739.521484 -50.000000 -50.000000 -50.000000 -50.000000 
       216     -50.000000 -50.000000 -50.000000 -50.000000 1733.480469 1680.529785 1765.330566 -50.000000 1784.042847 1722.275391 1772.873413 1746.144775 1701.709106 -50.000000 1762.030518 1754.379272 1754.371216 -50.000000 -50.000000 -50.000000 -50.000000 
       225     1584.574341 1588.347778 1664.145386 1676.640015 1711.441528 -50.000000 -50.000000 1709.176514 -50.000000 -50.000000 1701.732788 -50.000000 -50.000000 1768.903564 -50.000000 -50.000000 1660.903564 1621.961670 1638.225952 1703.845581 1690.838013 
       234     -50.000000 -50.000000 -50.000000 -50.000000 1709.188110 1745.388916 1717.029175 -50.000000 1773.761230 1732.482666 1695.610840 1699.189453 1725.986572 -50.000000 1760.680420 1774.774170 1752.571411 -50.000000 -50.000000 -50.000000 -50.000000 
       252     -50.000000 -50.000000 -50.000000 -50.000000 1716.945679 1657.187378 1745.525635 -50.000000 1748.240601 1710.920898 1729.555664 1677.617920 1733.867188 -50.000000 1746.701782 1760.460083 1678.387085 -50.000000 -50.000000 -50.000000 -50.000000 
       270     1517.300537 1619.326294 1662.187866 1716.190918 1710.459473 1725.937012 1730.857544 1654.295654 1703.811035 1758.317505 1694.708862 1771.267456 1758.041626 1711.676147 1750.236450 1762.049683 1758.225220 1669.554077 1714.982788 1719.892700 1762.004028 
       315     1575.799805 1614.669800 1568.691406 1702.418701 1666.759399 -50.000000 -50.000000 1601.427124 -50.000000 -50.000000 1710.529663 -50.000000 -50.000000 1664.468140 -50.000000 -50.000000 1700.434937 1712.901611 1755.425293 1725.664307 1742.116455 
       360     1575.716431 1628.551270 1635.602051 1695.143921 1650.237305 -50.000000 -50.000000 1703.977173 -50.000000 -50.000000 1654.412720 -50.000000 -50.000000 1676.094238 -50.000000 -50.000000 1745.714233 1701.303589 1647.044067 1734.529541 1616.251221 
       405     1531.561157 1589.661377 1632.244141 1636.710449 1593.616699 -50.000000 -50.000000 1740.194946 -50.000000 -50.000000 1705.837402 -50.000000 -50.000000 1739.546753 -50.000000 -50.000000 1755.469849 1704.783081 1699.504517 1696.587036 1710.451294 
       450     1495.946411 1568.471313 1650.669922 1655.111938 1678.384644 -50.000000 -50.000000 1703.190063 -50.000000 -50.000000 1689.923828 -50.000000 -50.000000 1766.631958 -50.000000 -50.000000 1668.031982 1707.953735 1667.421265 1673.795898 1606.740967 
       495     1538.719849 1615.875732 1648.737183 1548.002075 1647.310669 -50.000000 -50.000000 1664.209961 -50.000000 -50.000000 1762.734375 -50.000000 -50.000000 1675.773926 -50.000000 -50.000000 1639.416626 1688.455078 1690.154663 1755.942139 1707.806152 
       540     1559.876831 1634.004517 1629.262451 1530.829102 1675.069580 -50.000000 -50.000000 1650.809570 -50.000000 -50.000000 1551.315308 -50.000000 -50.000000 1632.034302 -50.000000 -50.000000 1614.180420 1718.041260 1641.046265 1674.492798 1657.027954 

